        0.00000        1.11970        1.00000
       25.00000        1.11970        0.99927
       50.00000        1.11970        0.99709
       75.00000        1.11970        0.99347
      100.00000        1.11970        0.98843
      125.00000        1.11970        0.98199
      150.00000        1.11970        0.97419
      175.00000        1.11970        0.96508
      200.00000        1.11970        0.95470
      225.00000        1.11970        0.94311
      250.00000        1.11970        0.93036
      250.00000        0.00000        0.93036
      250.00000        0.95974        0.93036
      275.00000        0.95974        0.91652
      300.00000        0.95974        0.90166
      325.00000        0.95974        0.88586
      350.00000        0.95974        0.86919
      375.00000        0.95974        0.85172
      400.00000        0.95974        0.83354
      425.00000        0.95974        0.81473
      450.00000        0.95974        0.79538
      475.00000        0.95974        0.77555
      500.00000        0.95974        0.75534
      500.00000        0.00000        0.75534
      500.00000        0.53319        0.75534
      525.00000        0.53319        0.73483
      550.00000        0.53319        0.71408
      575.00000        0.53319        0.69319
      600.00000        0.53319        0.67221
      625.00000        0.53319        0.65123
      650.00000        0.53319        0.63030
      675.00000        0.53319        0.60950
      700.00000        0.53319        0.58888
      725.00000        0.53319        0.56849
      750.00000        0.53319        0.54840
      750.00000        0.00000        0.54840
      750.00000        0.37323        0.54840
      775.00000        0.37323        0.52864
      800.00000        0.37323        0.50927
      825.00000        0.37323        0.49032
      850.00000        0.37323        0.47183
      875.00000        0.37323        0.45383
      900.00000        0.37323        0.43635
      925.00000        0.37323        0.41941
      950.00000        0.37323        0.40303
      975.00000        0.37323        0.38724
     1000.00000        0.37323        0.37205
     1000.00000        0.00000        0.37205
     1000.00000        0.26660        0.37205
     1025.00000        0.26660        0.35746
     1050.00000        0.26660        0.34349
     1075.00000        0.26660        0.33014
     1100.00000        0.26660        0.31741
     1125.00000        0.26660        0.30530
     1150.00000        0.26660        0.29382
     1175.00000        0.26660        0.28295
     1200.00000        0.26660        0.27269
     1225.00000        0.26660        0.26303
     1250.00000        0.26660        0.25396
     1250.00000        0.00000        0.25396
     1250.00000        0.37323        0.25396
     1275.00000        0.37323        0.24547
     1300.00000        0.37323        0.23755
     1325.00000        0.37323        0.23019
     1350.00000        0.37323        0.22335
     1375.00000        0.37323        0.21704
     1400.00000        0.37323        0.21124
     1425.00000        0.37323        0.20591
     1450.00000        0.37323        0.20106
     1475.00000        0.37323        0.19665
     1500.00000        0.37323        0.19266
     1500.00000        0.00000        0.19266
     1500.00000        0.31991        0.19266
     1525.00000        0.31991        0.18909
     1550.00000        0.31991        0.18590
     1575.00000        0.31991        0.18308
     1600.00000        0.31991        0.18060
     1625.00000        0.31991        0.17844
     1650.00000        0.31991        0.17659
     1675.00000        0.31991        0.17503
     1700.00000        0.31991        0.17372
     1725.00000        0.31991        0.17266
     1750.00000        0.31991        0.17182
     1750.00000        0.00000        0.17182
     1750.00000        0.00000        0.17182
     1775.00000        0.00000        0.17118
     1800.00000        0.00000        0.17073
     1825.00000        0.00000        0.17044
     1850.00000        0.00000        0.17030
     1875.00000        0.00000        0.17029
     1900.00000        0.00000        0.17040
     1925.00000        0.00000        0.17060
     1950.00000        0.00000        0.17088
     1975.00000        0.00000        0.17122
     2000.00000        0.00000        0.17161
     2000.00000        0.00000        0.17161
     2000.00000        0.10664        0.17161
     2025.00000        0.10664        0.17205
     2050.00000        0.10664        0.17250
     2075.00000        0.10664        0.17296
     2100.00000        0.10664        0.17343
     2125.00000        0.10664        0.17388
     2150.00000        0.10664        0.17430
     2175.00000        0.10664        0.17470
     2200.00000        0.10664        0.17505
     2225.00000        0.10664        0.17535
     2250.00000        0.10664        0.17559
     2250.00000        0.00000        0.17559
     2250.00000        0.10664        0.17559
     2275.00000        0.10664        0.17577
     2300.00000        0.10664        0.17587
     2325.00000        0.10664        0.17589
     2350.00000        0.10664        0.17584
     2375.00000        0.10664        0.17569
     2400.00000        0.10664        0.17545
     2425.00000        0.10664        0.17511
     2450.00000        0.10664        0.17468
     2475.00000        0.10664        0.17414
     2500.00000        0.10664        0.17351
     2500.00000        0.00000        0.17351
     2500.00000        0.15996        0.17351
     2525.00000        0.15996        0.17276
     2550.00000        0.15996        0.17192
     2575.00000        0.15996        0.17096
     2600.00000        0.15996        0.16991
     2625.00000        0.15996        0.16875
     2650.00000        0.15996        0.16748
     2675.00000        0.15996        0.16611
     2700.00000        0.15996        0.16465
     2725.00000        0.15996        0.16308
     2750.00000        0.15996        0.16142
     2750.00000        0.00000        0.16142
     2750.00000        0.15996        0.16142
     2775.00000        0.15996        0.15967
     2800.00000        0.15996        0.15782
     2825.00000        0.15996        0.15589
     2850.00000        0.15996        0.15388
     2875.00000        0.15996        0.15178
     2900.00000        0.15996        0.14961
     2925.00000        0.15996        0.14737
     2950.00000        0.15996        0.14506
     2975.00000        0.15996        0.14268
     3000.00000        0.15996        0.14025
     3000.00000        0.00000        0.14025
