        0.00000        1.00000        1.00000        1.00000
       25.00000        0.99953        0.99947        0.99920
       50.00000        0.99811        0.99787        0.99681
       75.00000        0.99574        0.99521        0.99283
      100.00000        0.99244        0.99150        0.98730
      125.00000        0.98822        0.98675        0.98023
      150.00000        0.98309        0.98098        0.97166
      175.00000        0.97706        0.97422        0.96163
      200.00000        0.97016        0.96647        0.95019
      225.00000        0.96241        0.95777        0.93740
      250.00000        0.95382        0.94816        0.92332
      275.00000        0.94443        0.93765        0.90802
      300.00000        0.93428        0.92630        0.89156
      325.00000        0.92338        0.91413        0.87403
      350.00000        0.91177        0.90119        0.85550
      375.00000        0.89949        0.88752        0.83607
      400.00000        0.88658        0.87316        0.81581
      425.00000        0.87308        0.85817        0.79481
      450.00000        0.85902        0.84260        0.77317
      475.00000        0.84445        0.82649        0.75097
      500.00000        0.82942        0.80989        0.72832
      525.00000        0.81397        0.79286        0.70528
      550.00000        0.79814        0.77545        0.68197
      575.00000        0.78198        0.75772        0.65847
      600.00000        0.76554        0.73972        0.63485
      625.00000        0.74886        0.72149        0.61121
      650.00000        0.73200        0.70311        0.58763
      675.00000        0.71500        0.68461        0.56418
      700.00000        0.69790        0.66606        0.54093
      725.00000        0.68076        0.64749        0.51796
      750.00000        0.66362        0.62898        0.49533
      775.00000        0.64652        0.61055        0.47310
      800.00000        0.62952        0.59226        0.45132
      825.00000        0.61265        0.57416        0.43004
      850.00000        0.59595        0.55629        0.40931
      875.00000        0.57947        0.53869        0.38917
      900.00000        0.56325        0.52140        0.36965
      925.00000        0.54733        0.50446        0.35077
      950.00000        0.53173        0.48790        0.33257
      975.00000        0.51650        0.47176        0.31506
     1000.00000        0.50167        0.45606        0.29826
     1025.00000        0.48726        0.44083        0.28217
     1050.00000        0.47331        0.42610        0.26680
     1075.00000        0.45985        0.41188        0.25214
     1100.00000        0.44688        0.39820        0.23820
     1125.00000        0.43444        0.38507        0.22497
     1150.00000        0.42255        0.37250        0.21243
     1175.00000        0.41122        0.36051        0.20058
     1200.00000        0.40046        0.34910        0.18940
     1225.00000        0.39028        0.33827        0.17886
     1250.00000        0.38071        0.32803        0.16894
     1275.00000        0.37173        0.31837        0.15963
     1300.00000        0.36336        0.30930        0.15090
     1325.00000        0.35559        0.30080        0.14272
     1350.00000        0.34843        0.29287        0.13507
     1375.00000        0.34188        0.28550        0.12792
     1400.00000        0.33592        0.27867        0.12123
     1425.00000        0.33055        0.27238        0.11499
     1450.00000        0.32576        0.26660        0.10917
     1475.00000        0.32153        0.26132        0.10373
     1500.00000        0.31787        0.25651        0.09866
     1525.00000        0.31474        0.25216        0.09392
     1550.00000        0.31213        0.24825        0.08949
     1575.00000        0.31002        0.24474        0.08535
     1600.00000        0.30840        0.24163        0.08147
     1625.00000        0.30724        0.23887        0.07783
     1650.00000        0.30651        0.23645        0.07441
     1675.00000        0.30620        0.23435        0.07119
     1700.00000        0.30627        0.23252        0.06815
     1725.00000        0.30670        0.23096        0.06528
     1750.00000        0.30747        0.22963        0.06255
     1775.00000        0.30854        0.22850        0.05996
     1800.00000        0.30989        0.22756        0.05748
     1825.00000        0.31149        0.22676        0.05512
     1850.00000        0.31331        0.22610        0.05286
     1875.00000        0.31532        0.22554        0.05068
     1900.00000        0.31749        0.22506        0.04859
     1925.00000        0.31979        0.22463        0.04656
     1950.00000        0.32220        0.22424        0.04461
     1975.00000        0.32468        0.22387        0.04272
     2000.00000        0.32722        0.22349        0.04088
     2025.00000        0.32977        0.22308        0.03910
     2050.00000        0.33232        0.22263        0.03737
     2075.00000        0.33483        0.22212        0.03569
     2100.00000        0.33729        0.22154        0.03405
     2125.00000        0.33967        0.22087        0.03246
     2150.00000        0.34194        0.22009        0.03091
     2175.00000        0.34409        0.21921        0.02940
     2200.00000        0.34609        0.21819        0.02794
     2225.00000        0.34793        0.21705        0.02652
     2250.00000        0.34958        0.21577        0.02514
     2275.00000        0.35103        0.21434        0.02380
     2300.00000        0.35226        0.21276        0.02250
     2325.00000        0.35326        0.21102        0.02125
     2350.00000        0.35402        0.20913        0.02004
     2375.00000        0.35452        0.20708        0.01887
     2400.00000        0.35475        0.20487        0.01775
     2425.00000        0.35471        0.20251        0.01667
     2450.00000        0.35438        0.19999        0.01563
     2475.00000        0.35377        0.19731        0.01464
     2500.00000        0.35287        0.19449        0.01368
     2525.00000        0.35167        0.19152        0.01278
     2550.00000        0.35017        0.18841        0.01191
     2575.00000        0.34838        0.18517        0.01108
     2600.00000        0.34629        0.18181        0.01030
     2625.00000        0.34391        0.17832        0.00956
     2650.00000        0.34123        0.17472        0.00886
     2675.00000        0.33827        0.17102        0.00819
     2700.00000        0.33503        0.16723        0.00757
     2725.00000        0.33151        0.16335        0.00698
     2750.00000        0.32773        0.15939        0.00642
     2775.00000        0.32369        0.15537        0.00590
     2800.00000        0.31940        0.15128        0.00542
     2825.00000        0.31487        0.14715        0.00497
     2850.00000        0.31012        0.14299        0.00454
     2875.00000        0.30514        0.13879        0.00415
     2900.00000        0.29997        0.13457        0.00378
     2925.00000        0.29460        0.13034        0.00344
     2950.00000        0.28906        0.12611        0.00313
     2975.00000        0.28335        0.12189        0.00284
     3000.00000        0.27750        0.11768        0.00258
