        0.00000        0.39636        1.00000
        9.27778        0.39636        0.99982
       18.55556        0.39636        0.99927
       27.83333        0.39636        0.99835
       37.11111        0.39636        0.99707
       46.38889        0.39636        0.99543
       55.66667        0.39636        0.99342
       64.94444        0.39636        0.99106
       74.22222        0.39636        0.98834
       83.50000        0.39636        0.98526
       83.50000        0.00000        0.98526
       83.50000        1.32119        0.98526
       92.77778        1.32119        0.98184
      102.05556        1.32119        0.97806
      111.33334        1.32119        0.97395
      120.61111        1.32119        0.96950
      129.88889        1.32119        0.96472
      139.16667        1.32119        0.95961
      148.44444        1.32119        0.95418
      157.72223        1.32119        0.94843
      167.00000        1.32119        0.94238
      167.00000        0.00000        0.94238
      167.00000        0.79271        0.94238
      176.27777        0.79271        0.93602
      185.55556        0.79271        0.92937
      194.83333        0.79271        0.92243
      204.11111        0.79271        0.91521
      213.38889        0.79271        0.90772
      222.66667        0.79271        0.89997
      231.94444        0.79271        0.89196
      241.22223        0.79271        0.88370
      250.50000        0.79271        0.87521
      250.50000        0.00000        0.87521
      250.50000        1.20349        0.87521
      259.66666        1.20349        0.86659
      268.83334        1.20349        0.85775
      278.00000        1.20349        0.84872
      287.16666        1.20349        0.83948
      296.33334        1.20349        0.83006
      305.50000        1.20349        0.82046
      314.66666        1.20349        0.81070
      323.83334        1.20349        0.80078
      333.00000        1.20349        0.79071
      333.00000        0.00000        0.79071
      333.00000        0.59454        0.79071
      351.55554        0.59454        0.76991
      370.11111        0.59454        0.74864
      388.66666        0.59454        0.72697
      407.22223        0.59454        0.70500
      425.77777        0.59454        0.68279
      444.33334        0.59454        0.66045
      462.88889        0.59454        0.63804
      481.44446        0.59454        0.61565
      500.00000        0.59454        0.59336
      500.00000        0.00000        0.59336
      500.00000        0.59454        0.59336
      518.55554        0.59454        0.57124
      537.11108        0.59454        0.54937
      555.66669        0.59454        0.52781
      574.22223        0.59454        0.50664
      592.77777        0.59454        0.48590
      611.33331        0.59454        0.46567
      629.88892        0.59454        0.44598
      648.44446        0.59454        0.42690
      667.00000        0.59454        0.40847
      667.00000        0.00000        0.40847
      667.00000        0.33229        0.40847
      685.44446        0.33229        0.39082
      703.88892        0.33229        0.37389
      722.33331        0.33229        0.35769
      740.77777        0.33229        0.34225
      759.22223        0.33229        0.32760
      777.66669        0.33229        0.31374
      796.11108        0.33229        0.30068
      814.55554        0.33229        0.28844
      833.00000        0.33229        0.27700
      833.00000        0.00000        0.27700
      833.00000        0.26424        0.27700
      851.55554        0.26424        0.26630
      870.11108        0.26424        0.25641
      888.66669        0.26424        0.24731
      907.22223        0.26424        0.23899
      925.77777        0.26424        0.23142
      944.33331        0.26424        0.22458
      962.88892        0.26424        0.21845
      981.44446        0.26424        0.21299
     1000.00000        0.26424        0.20817
     1000.00000        0.00000        0.20817
     1000.00000        0.06606        0.20817
     1018.55554        0.06606        0.20396
     1037.11108        0.06606        0.20032
     1055.66663        0.06606        0.19722
     1074.22217        0.06606        0.19461
     1092.77783        0.06606        0.19246
     1111.33337        0.06606        0.19072
     1129.88892        0.06606        0.18936
     1148.44446        0.06606        0.18833
     1167.00000        0.06606        0.18759
     1167.00000        0.00000        0.18759
     1167.00000        0.26583        0.18759
     1185.44446        0.26583        0.18711
     1203.88892        0.26583        0.18684
     1222.33337        0.26583        0.18674
     1240.77783        0.26583        0.18677
     1259.22217        0.26583        0.18690
     1277.66663        0.26583        0.18710
     1296.11108        0.26583        0.18734
     1314.55554        0.26583        0.18757
     1333.00000        0.26583        0.18778
     1333.00000        0.00000        0.18778
     1333.00000        0.26424        0.18778
     1351.55554        0.26424        0.18794
     1370.11108        0.26424        0.18802
     1388.66663        0.26424        0.18800
     1407.22217        0.26424        0.18785
     1425.77783        0.26424        0.18757
     1444.33337        0.26424        0.18713
     1462.88892        0.26424        0.18652
     1481.44446        0.26424        0.18572
     1500.00000        0.26424        0.18474
     1500.00000        0.00000        0.18474
     1500.00000        0.19818        0.18474
     1518.55554        0.19818        0.18356
     1537.11108        0.19818        0.18217
     1555.66663        0.19818        0.18057
     1574.22217        0.19818        0.17877
     1592.77783        0.19818        0.17676
     1611.33337        0.19818        0.17455
     1629.88892        0.19818        0.17213
     1648.44446        0.19818        0.16952
     1667.00000        0.19818        0.16672
     1667.00000        0.00000        0.16672
     1667.00000        0.06646        0.16672
     1685.44446        0.06646        0.16376
     1703.88892        0.06646        0.16063
     1722.33337        0.06646        0.15734
     1740.77783        0.06646        0.15390
     1759.22217        0.06646        0.15032
     1777.66663        0.06646        0.14662
     1796.11108        0.06646        0.14280
     1814.55554        0.06646        0.13889
     1833.00000        0.06646        0.13488
     1833.00000        0.00000        0.13488
     1833.00000        0.13212        0.13488
     1851.55554        0.13212        0.13079
     1870.11108        0.13212        0.12663
     1888.66663        0.13212        0.12242
     1907.22217        0.13212        0.11818
     1925.77783        0.13212        0.11392
     1944.33337        0.13212        0.10966
     1962.88892        0.13212        0.10539
     1981.44446        0.13212        0.10115
     2000.00000        0.13212        0.09693
     2000.00000        0.00000        0.09693
